#2theta [deg.] I
6.999999999999999556e-01 2.399836800000000000e+07
7.091999999999999416e-01 2.427415800000000000e+07
7.183999999999999275e-01 2.459123800000000000e+07
7.275999999999999135e-01 2.486201800000000000e+07
7.367999999999998995e-01 2.513022400000000000e+07
7.459999999999999964e-01 2.534126000000000000e+07
7.551999999999999824e-01 2.556351800000000000e+07
7.643999999999999684e-01 2.577033200000000000e+07
7.735999999999999543e-01 2.594575400000000000e+07
7.827999999999999403e-01 2.611498800000000000e+07
7.919999999999999263e-01 2.620835400000000000e+07
8.011999999999999122e-01 2.631648600000000000e+07
8.104000000000000092e-01 2.641289000000000000e+07
8.195999999999999952e-01 2.647363400000000000e+07
8.287999999999999812e-01 2.654172400000000000e+07
8.379999999999999671e-01 2.654320400000000000e+07
8.471999999999999531e-01 2.655242000000000000e+07
8.563999999999999391e-01 2.653559000000000000e+07
8.655999999999999250e-01 2.653356600000000000e+07
8.748000000000000220e-01 2.648003600000000000e+07
8.839999999999998970e-01 2.635890800000000000e+07
8.931999999999999940e-01 2.625775600000000000e+07
9.023999999999999799e-01 2.611321800000000000e+07
9.115999999999999659e-01 2.592053600000000000e+07
9.207999999999999519e-01 2.571469200000000000e+07
9.299999999999999378e-01 2.544479200000000000e+07
9.391999999999999238e-01 2.513305200000000000e+07
9.483999999999999098e-01 2.486797400000000000e+07
9.576000000000000068e-01 2.448710800000000000e+07
9.667999999999998817e-01 2.413192000000000000e+07
9.759999999999999787e-01 2.371418400000000000e+07
9.851999999999999647e-01 2.323800200000000000e+07
9.943999999999999506e-01 2.271616000000000000e+07
1.003600000000000048e+00 2.215049000000000000e+07
1.012799999999999923e+00 2.155263000000000000e+07
1.022000000000000020e+00 2.087023400000000000e+07
1.031199999999999894e+00 2.012040600000000000e+07
1.040399999999999991e+00 1.924892400000000000e+07
1.049599999999999866e+00 1.834627800000000000e+07
1.058799999999999963e+00 1.736598600000000000e+07
1.068000000000000060e+00 1.627915400000000000e+07
1.077199999999999935e+00 1.512543900000000000e+07
1.086399999999999810e+00 1.387249500000000000e+07
1.095599999999999907e+00 1.251132500000000000e+07
1.104800000000000004e+00 1.112705700000000000e+07
1.113999999999999879e+00 9.697512000000000000e+06
1.123199999999999976e+00 8.252925000000000000e+06
1.132400000000000073e+00 6.858175500000000000e+06
1.141599999999999948e+00 5.573168500000000000e+06
1.150799999999999823e+00 4.445595000000000000e+06
1.159999999999999920e+00 3.501721000000000000e+06
1.169200000000000017e+00 2.759697000000000000e+06
1.178399999999999892e+00 2.205154799999999814e+06
1.187599999999999989e+00 1.805263500000000000e+06
1.196800000000000086e+00 1.518568300000000047e+06
1.205999999999999961e+00 1.298986000000000000e+06
1.215199999999999836e+00 1.116658600000000093e+06
1.224399999999999933e+00 9.469930000000000000e+05
1.233600000000000030e+00 7.892020000000000000e+05
1.242799999999999905e+00 6.377720000000000000e+05
1.252000000000000002e+00 5.031650000000000000e+05
1.261200000000000099e+00 3.891980000000000000e+05
1.270399999999999974e+00 2.970780000000000000e+05
1.279599999999999849e+00 2.300910000000000000e+05
1.288799999999999946e+00 1.855080000000000000e+05
1.298000000000000043e+00 1.590270000000000000e+05
1.307199999999999918e+00 1.463260000000000000e+05
1.316399999999999793e+00 1.408750000000000000e+05
1.325599999999999890e+00 1.408710000000000000e+05
1.334799999999999986e+00 1.404100000000000000e+05
1.343999999999999861e+00 1.378250000000000000e+05
1.353199999999999958e+00 1.324230000000000000e+05
1.362400000000000055e+00 1.235920000000000000e+05
1.371599999999999930e+00 1.120440000000000000e+05
1.380799999999999805e+00 9.828650000000000000e+04
1.389999999999999902e+00 8.476589999999999418e+04
1.399199999999999999e+00 7.029460000000000582e+04
1.408399999999999874e+00 5.681530000000000291e+04
1.417599999999999971e+00 4.549590000000000146e+04
1.426800000000000068e+00 3.618490000000000146e+04
1.435999999999999943e+00 2.861979999999999927e+04
1.445199999999999818e+00 2.362950000000000000e+04
1.454399999999999915e+00 2.030559999999999854e+04
1.463600000000000012e+00 1.872670000000000073e+04
1.472799999999999887e+00 1.825490000000000146e+04
1.481999999999999984e+00 1.825409999999999854e+04
1.491200000000000081e+00 1.909190000000000146e+04
1.500399999999999956e+00 1.928250000000000000e+04
1.509599999999999831e+00 2.023479999999999927e+04
1.518799999999999928e+00 2.015320000000000073e+04
1.528000000000000025e+00 1.988690000000000146e+04
1.537199999999999900e+00 1.924700000000000000e+04
1.546399999999999997e+00 1.845779999999999927e+04
1.555600000000000094e+00 1.705920000000000073e+04
1.564799999999999969e+00 1.540129999999999927e+04
1.573999999999999844e+00 1.385789999999999964e+04
1.583199999999999941e+00 1.209479999999999927e+04
1.592400000000000038e+00 1.048679999999999927e+04
1.601599999999999913e+00 9.156219999999999345e+03
1.610799999999999788e+00 7.631050000000000182e+03
1.619999999999999885e+00 6.589920000000000073e+03
1.629199999999999982e+00 5.856729999999999563e+03
1.638399999999999856e+00 5.124420000000000073e+03
1.647599999999999953e+00 4.574319999999999709e+03
1.656800000000000050e+00 4.427369999999999891e+03
1.665999999999999925e+00 4.318449999999999818e+03
1.675199999999999800e+00 4.223149999999999636e+03
1.684399999999999897e+00 4.252670000000000073e+03
1.693599999999999994e+00 4.223930000000000291e+03
1.702799999999999869e+00 4.335340000000000146e+03
1.711999999999999966e+00 4.420949999999999818e+03
1.721199999999999841e+00 4.395470000000000255e+03
1.730399999999999938e+00 4.369670000000000073e+03
1.739600000000000035e+00 4.403710000000000036e+03
1.748799999999999910e+00 4.160250000000000000e+03
1.758000000000000007e+00 3.987300000000000182e+03
1.767199999999999882e+00 3.863059999999999945e+03
1.776399999999999979e+00 3.617710000000000036e+03
1.785599999999999854e+00 3.411789999999999964e+03
1.794799999999999951e+00 3.082980000000000018e+03
1.804000000000000048e+00 2.852010000000000218e+03
1.813199999999999923e+00 2.615210000000000036e+03
1.822400000000000020e+00 2.443969999999999800e+03
1.831599999999999895e+00 2.374929999999999836e+03
1.840799999999999992e+00 2.086139999999999873e+03
1.849999999999999867e+00 2.002400000000000091e+03
1.859199999999999964e+00 1.895130000000000109e+03
1.868399999999999839e+00 1.752079999999999927e+03
1.877599999999999936e+00 1.718740000000000009e+03
1.886800000000000033e+00 1.667700000000000045e+03
1.895999999999999908e+00 1.676950000000000045e+03
1.905200000000000005e+00 1.710769999999999982e+03
1.914399999999999880e+00 1.570630000000000109e+03
1.923599999999999977e+00 1.630400000000000091e+03
1.932799999999999851e+00 1.619900000000000091e+03
1.941999999999999948e+00 1.564289999999999964e+03
1.951199999999999823e+00 1.581630000000000109e+03
1.960399999999999920e+00 1.549009999999999991e+03
1.969600000000000017e+00 1.473980000000000018e+03
1.978799999999999892e+00 1.393130000000000109e+03
1.987999999999999989e+00 1.425859999999999900e+03
1.997199999999999864e+00 1.357039999999999964e+03
2.006400000000000183e+00 1.285410000000000082e+03
2.015600000000000058e+00 1.264769999999999982e+03
2.024799999999999933e+00 1.179779999999999973e+03
2.033999999999999808e+00 1.111390000000000100e+03
2.043199999999999683e+00 1.085079999999999927e+03
2.052400000000000002e+00 1.067900000000000091e+03
2.061599999999999877e+00 9.708479999999999563e+02
2.070800000000000196e+00 9.774769999999999754e+02
2.080000000000000071e+00 8.770270000000000437e+02
2.089199999999999946e+00 8.864579999999999700e+02
2.098399999999999821e+00 8.616440000000000055e+02
2.107599999999999696e+00 7.914320000000000164e+02
2.116800000000000015e+00 7.839660000000000082e+02
2.125999999999999890e+00 8.049919999999999618e+02
2.135200000000000209e+00 7.853709999999999809e+02
2.144400000000000084e+00 7.489270000000000209e+02
2.153599999999999959e+00 6.987110000000000127e+02
2.162799999999999834e+00 6.933959999999999582e+02
2.171999999999999709e+00 7.048179999999999836e+02
2.181200000000000028e+00 7.101570000000000391e+02
2.190399999999999903e+00 6.719389999999999645e+02
2.199600000000000222e+00 6.592300000000000182e+02
2.208800000000000097e+00 6.560499999999999545e+02
2.217999999999999972e+00 6.479940000000000282e+02
2.227199999999999847e+00 5.810589999999999691e+02
2.236399999999999721e+00 5.950499999999999545e+02
2.245599999999999596e+00 5.585800000000000409e+02
2.254799999999999915e+00 5.664610000000000127e+02
2.264000000000000234e+00 5.189299999999999500e+02
2.273200000000000109e+00 5.221960000000000264e+02
2.282399999999999984e+00 4.869599999999999795e+02
2.291599999999999859e+00 5.265670000000000073e+02
2.300799999999999734e+00 4.910699999999999932e+02
2.309999999999999609e+00 4.598020000000000209e+02
2.319199999999999928e+00 4.995939999999999941e+02
2.328400000000000247e+00 4.328639999999999759e+02
2.337600000000000122e+00 4.399239999999999782e+02
2.346799999999999997e+00 4.653210000000000264e+02
2.355999999999999872e+00 4.497919999999999732e+02
2.365199999999999747e+00 3.916979999999999791e+02
2.374399999999999622e+00 3.940439999999999827e+02
2.383599999999999941e+00 3.878450000000000273e+02
2.392800000000000260e+00 3.669940000000000282e+02
2.402000000000000135e+00 3.495869999999999891e+02
2.411200000000000010e+00 3.391750000000000114e+02
2.420399999999999885e+00 3.803679999999999950e+02
2.429599999999999760e+00 3.416580000000000155e+02
2.438799999999999635e+00 3.340210000000000150e+02
2.447999999999999954e+00 3.210360000000000014e+02
2.457199999999999829e+00 3.365559999999999832e+02
2.466400000000000148e+00 3.378799999999999955e+02
2.475600000000000023e+00 3.547620000000000005e+02
2.484799999999999898e+00 2.990090000000000146e+02
2.493999999999999773e+00 3.386440000000000055e+02
2.503199999999999648e+00 2.950690000000000168e+02
2.512399999999999967e+00 2.857479999999999905e+02
2.521599999999999842e+00 2.823190000000000168e+02
2.530800000000000161e+00 2.901709999999999923e+02
2.540000000000000036e+00 2.625590000000000259e+02
2.549199999999999910e+00 2.569950000000000045e+02
2.558399999999999785e+00 2.491659999999999968e+02
2.567599999999999660e+00 2.759519999999999982e+02
2.576799999999999979e+00 2.390999999999999943e+02
2.585999999999999854e+00 2.360759999999999934e+02
2.595200000000000173e+00 2.510260000000000105e+02
2.604400000000000048e+00 2.502659999999999911e+02
2.613599999999999923e+00 2.449679999999999893e+02
2.622799999999999798e+00 2.125399999999999920e+02
2.631999999999999673e+00 2.164610000000000127e+02
2.641199999999999992e+00 2.184739999999999895e+02
2.650399999999999867e+00 2.224360000000000070e+02
2.659600000000000186e+00 1.691870000000000118e+02
2.668800000000000061e+00 1.993000000000000114e+02
2.677999999999999936e+00 2.081899999999999977e+02
2.687199999999999811e+00 1.482419999999999902e+02
2.696399999999999686e+00 1.898679999999999950e+02
2.705599999999999561e+00 2.023410000000000082e+02
2.714800000000000324e+00 2.013129999999999882e+02
2.724000000000000199e+00 1.723470000000000084e+02
2.733200000000000074e+00 1.624490000000000123e+02
2.742399999999999949e+00 1.693149999999999977e+02
2.751599999999999824e+00 1.749910000000000139e+02
2.760799999999999699e+00 1.841359999999999957e+02
2.769999999999999574e+00 1.753480000000000132e+02
2.779200000000000337e+00 1.662410000000000139e+02
2.788400000000000212e+00 1.694470000000000027e+02
2.797600000000000087e+00 1.562789999999999964e+02
2.806799999999999962e+00 1.576260000000000048e+02
2.815999999999999837e+00 1.657899999999999920e+02
2.825199999999999712e+00 1.377280000000000086e+02
2.834399999999999586e+00 1.414039999999999964e+02
2.843600000000000350e+00 1.482290000000000134e+02
2.852800000000000225e+00 1.342129999999999939e+02
2.862000000000000099e+00 1.249680000000000035e+02
2.871199999999999974e+00 1.386730000000000018e+02
2.880399999999999849e+00 1.352119999999999891e+02
2.889599999999999724e+00 1.178370000000000033e+02
2.898799999999999599e+00 1.358640000000000043e+02
2.908000000000000362e+00 1.358110000000000070e+02
2.917200000000000237e+00 1.215280000000000058e+02
2.926400000000000112e+00 1.231440000000000055e+02
2.935599999999999987e+00 1.173139999999999930e+02
2.944799999999999862e+00 1.090540000000000020e+02
2.953999999999999737e+00 1.018269999999999982e+02
2.963199999999999612e+00 9.995690000000000452e+01
2.972399999999999487e+00 1.169749999999999943e+02
2.981600000000000250e+00 9.926940000000000452e+01
2.990800000000000125e+00 8.432139999999999702e+01
3.000000000000000000e+00 9.799979999999999336e+01
